1281273004341841923
1498984512	
20486941
1064986661723922432
1264467031384088581
1487057201328009219
1159451278008901632
1496174374075916294
1563771264
1303420675114201089
1453573933815369731
1431050544685088768
885490321550868480
1248332026790330369
1619659433952546817
1462451461728587780
1301509419696558082
791786474
1392088851221413893
1457015038691057666
1416665472469135365
1376655684872200192
43358536
262165644
857031238569181184
69777546
1384010537328025602
1716071804853268481	
1353693148321624066
2438767100
263689859
1545599597036605440
2310943632
23942310
70355577
1530371
812505876754038784	
1416471276831469569
851104049722122240	
961335348474281987
944510856712224770
67197023
1455391184411496458
2370753746
9897812
857729198198095873
14196323	
45360564
17225803
1326397615202820096
1478555106652086280
197034892
48036658
1053941412113321984
1428184265741635586
872380984775380992
17819472
1291222903552319488
1396351268109619202
1546677190280024065
1565716651118854145
1123705505510248448
1327720803044093955